266.935730
80.080719
26.693573
35.591431
17.795715
26.693573
26.693573
17.795715
35.591431
35.591431
53.387146
35.591431
53.387146
44.489288
53.387146
53.387146
53.387146
62.285004
62.285004
71.182861
62.285004
71.182861
71.182861
80.080719
80.080719
80.080719
80.080719
88.978577
97.876434
97.876434
97.876434
97.876434
106.774292
106.774292
97.876434
106.774292
115.672150
124.570007
115.672150
124.570007
124.570007
124.570007
142.365723
133.467865
142.365723
133.467865
142.365723
142.365723
160.161438
160.161438
160.161438
151.263580
169.059296
169.059296
160.161438
177.957153
177.957153
177.957153
195.752869
186.855011
186.855011
195.752869
204.650726
195.752869
204.650726
204.650726
195.752869
204.650726
204.650726
213.548584
222.446442
222.446442
231.344299
222.446442
222.446442
240.242157
240.242157
231.344299
258.037872
249.140015
258.037872
266.935730
266.935730
266.935730
275.833588
266.935730
284.731445
266.935730
293.629303
275.833588
293.629303
284.731445
302.527161
293.629303
293.629303
311.425018
320.322876
320.322876
311.425018
302.527161
329.220734
320.322876
338.118591
338.118591
329.220734
338.118591
338.118591
347.016449
347.016449
347.016449
364.812164
364.812164
347.016449
373.710022
391.505737
355.914307
382.607880
391.505737
364.812164
391.505737
400.403595
391.505737
409.301453
418.199310
400.403595
427.097168
409.301453
409.301453
435.995026
418.199310
435.995026
444.892883
453.790741
462.688599
444.892883
453.790741
453.790741
435.995026
471.586456
462.688599
480.484314
471.586456
471.586456
498.280029
462.688599
489.382172
480.484314
489.382172
498.280029
489.382172
524.973633
480.484314
524.973633
524.973633
507.177887
533.871460
516.075745
551.667175
516.075745
542.769287
507.177887
560.565063
542.769287
560.565063
516.075745
560.565063
542.769287
569.462891
533.871460
560.565063
560.565063
569.462891
569.462891
587.258606
578.360718
596.156494
578.360718
578.360718
578.360718
605.054321
596.156494
605.054321
578.360718
613.952148
613.952148
605.054321
605.054321
640.645752
596.156494
631.747925
613.952148
631.747925
622.850037
631.747925
622.850037
631.747925
649.543579
640.645752
658.441467
640.645752
667.339355
685.135010
685.135010
747.420044
756.317871
783.011475
791.909302
783.011475
729.624329
676.237183
667.339355
685.135010
676.237183
702.930786
685.135010
676.237183
685.135010
702.930786
711.828613
694.032898
720.726440
720.726440
729.624329
765.215759
783.011475
783.011475
827.500732
871.990051
880.887939
925.377197
934.275024
934.275024
916.479370
934.275024
898.683594
783.011475
729.624329
783.011475
711.828613
756.317871
765.215759
756.317871
765.215759
791.909302
774.113647
765.215759
791.909302
791.909302
783.011475
774.113647
800.807190
774.113647
791.909302
818.602905
800.807190
791.909302
854.194336
818.602905
818.602905
845.296509
854.194336
836.398621
863.092163
871.990051
898.683594
845.296509
880.887939
898.683594
934.275024
898.683594
845.296509
845.296509
854.194336
871.990051
871.990051
863.092163
889.785767
889.785767
871.990051
871.990051
880.887939
880.887939
871.990051
871.990051
889.785767
889.785767
898.683594
898.683594
943.172913
969.866455
1023.253662
1023.253662
1005.457886
943.172913
863.092163
925.377197
907.581482
916.479370
907.581482
898.683594
907.581482
916.479370
934.275024
889.785767
925.377197
952.070801
978.764343
987.662231
987.662231
1005.457886
1041.049316
1076.640869
1103.334351
1103.334351
1103.334351
1085.538574
1085.538574
1049.947266
978.764343
996.560059
1014.355774
1023.253662
978.764343
1014.355774
996.560059
1023.253662
978.764343
996.560059
996.560059
996.560059
987.662231
1023.253662
1005.457886
1005.457886
1058.845093
1058.845093
1076.640869
1165.619385
1165.619385
1192.312988
1227.904419
1263.495850
1290.189453
1281.291504
1316.882935
1343.576538
1361.372314
1343.576538
1254.597900
1121.130127
1103.334473
1032.151489
1067.742920
1049.947266
1032.151489
1058.845093
1049.947266
1041.049316
1023.253662
1058.845093
1032.151489
1032.151489
1058.845093
1085.538574
1103.334473
1094.436523
1130.027954
1147.823730
1138.925781
1183.415039
1236.802246
1316.883057
1325.780762
1361.372314
1450.350830
1512.635864
1566.022949
1610.512207
1646.103760
1646.103760
1557.125122
1432.555176
1325.780762
1316.882935
1227.904297
1085.538696
1165.619385
1103.334351
1103.334473
1130.027954
1138.925781
1121.130127
1138.925781
1121.130127
1147.823730
1156.721436
1201.210815
1281.291504
1325.780762
1396.963623
1441.452881
1485.942261
1503.738037
1601.614380
1601.614380
1610.512207
1494.840088
1450.350830
1521.533691
1432.555176
1343.576538
1254.597900
1112.232178
1201.210815
1094.436523
1147.823730
1174.517212
1147.823730
1138.925781
1156.721436
1147.823730
1174.517212
1210.108643
1290.189453
1396.963623
1370.270142
1441.453003
1450.350830
1583.818726
1601.614380
1628.307983
1628.307983
1583.818726
1530.431519
1503.738037
1592.716553
1530.431641
1512.635864
1325.780762
1210.108643
1245.700073
1219.006592
1272.393677
1236.802246
1263.495850
1254.597900
1272.393677
1254.597900
1281.291504
1254.597900
1299.087280
1307.985107
1343.576538
1334.678711
1379.167969
1379.167969
1405.861572
1432.555176
1352.474365
1263.495850
1307.985107
1316.883057
1361.372314
1343.576538
1245.700195
1254.597900
1299.087158
1263.495850
1236.802246
1254.597900
1263.495850
1245.700195
1281.291504
1245.700195
1334.678711
1325.780762
1352.474365
1352.474365
1388.065796
1503.738037
1459.248779
1503.738037
1530.431641
1557.125122
1628.307983
1503.738037
1432.555176
1477.044434
1388.065918
1405.861572
1307.985107
1343.576538
1316.882935
1316.883057
1307.985107
1316.883057
1299.087158
1361.372314
1370.270142
1396.963623
1441.452881
1459.248657
1485.942261
1557.125122
1610.512207
1592.716553
1690.593018
1708.388672
1770.673706
1850.754395
1904.141602
1806.265137
1868.550049
1815.163086
1743.980103
1548.227295
1396.963623
1325.780762
1388.065918
1352.474365
1361.372314
1361.372314
1334.678711
1396.963623
1325.780762
1405.861572
1396.963623
1414.759399
1477.044434
1450.350830
1459.248779
1530.431641
1512.635742
1566.022949
1566.022949
1646.103760
1663.899414
1663.899414
1619.410156
1610.512207
1485.942261
1494.840088
1423.657227
1459.248779
1432.555176
1414.759399
1468.146484
1477.044434
1423.657227
1432.555176
1423.657227
1441.453003
1423.657227
1468.146484
1423.657227
1468.146484
1485.942261
1512.635742
1485.942261
1512.635864
1468.146484
1468.146484
1468.146484
1441.453003
1423.657227
1450.350830
1432.555176
1432.555176
1432.555176
1432.555176
1432.555176
1494.840088
1423.657227
1485.942261
1503.738037
1503.738037
1503.738037
1619.410156
1583.818604
1592.716553
1690.593018
1663.899414
1637.205811
1726.184326
1637.205811
1548.227295
1503.738037
1592.716553
1548.227295
1494.840088
1566.022949
1539.329346
1521.533691
1512.635864
1530.431519
1530.431519
1548.227295
1530.431519
1521.533691
1566.022949
1583.818726
1512.635864
1539.329346
1530.431641
1557.125122
1610.512207
1548.227295
1548.227295
1539.329346
1512.635742
1539.329346
1539.329346
1530.431519
1512.635864
1485.942261
1530.431641
1548.227295
1539.329346
1548.227295
1539.329346
1601.614380
1619.410156
1672.797241
1681.695068
1681.695068
1717.286621
1752.877930
1726.184448
1806.265137
1735.082275
1726.184326
1655.001465
1663.899414
1637.205811
1717.286621
1681.695068
1592.716553
1655.001465
1628.307983
1619.410156
1637.205811
1619.410156
1619.410156
1637.205811
1637.205811
1646.103760
1610.512207
1610.512207
1663.899414
1628.307983
1628.307983
1610.512207
1601.614502
1592.716553
1610.512207
1628.307983
1601.614380
1592.716553
1646.103760
1628.307983
1690.593018
1663.899414
1646.103760
1681.695068
1681.695068
1708.388672
1752.877930
1761.775879
1797.367188
1797.367188
1797.367310
1779.571533
1690.593018
1681.695068
1655.001587
1717.286621
1690.593018
1699.490845
1708.388672
1655.001587
1708.388672
1752.877930
1735.082275
1726.184326
1788.469482
1815.162964
1779.571533
1850.754395
1886.345825
1886.345947
1904.141602
1859.652344
1779.571533
1690.593018
1655.001587
1655.001587
1663.899414
1663.899414
1681.695068
1672.797241
1655.001465
1690.593018
1690.593018
1717.286621
1699.490845
1717.286621
1770.673706
1770.673706
1832.958740
1815.162964
1806.265137
1824.060791
1761.775879
1770.673706
1708.388672
1752.877930
1735.082275
1788.469482
1717.286621
1761.775879
1743.980225
1761.775879
1761.775879
1797.367310
1815.162964
1824.060791
1832.958740
1859.652344
1877.447998
1868.550171
1877.447998
1868.550171
1797.367188
1779.571533
1699.490845
1743.980225
1743.980225
1788.469482
1779.571533
1752.877930
1770.673706
1770.673706
1806.265137
1806.265137
1726.184326
1815.162964
1797.367310
1815.162964
1850.754395
1815.163086
1770.673706
1832.958740
1832.958740
1797.367188
1788.469482
1850.754395
1797.367310
1841.856567
1761.775879
1850.754395
1832.958740
1868.550171
1886.345825
1877.447998
1886.345947
1939.732910
1939.733154
1993.120117
2019.813721
1948.630859
2019.813721
1939.733032
1868.550049
1815.162964
1859.652344
1841.856567
1832.958740
1832.958740
1824.060791
1850.754395
1859.652344
1859.652344
1895.243652
1850.754395
1877.447998
1841.856567
1913.039429
1868.550049
1859.652344
1930.835205
1904.141602
1877.447998
1868.550171
1850.754395
1877.447998
1850.754395
1939.733032
1868.550171
1966.426514
1895.243652
1930.835205
1984.222290
1957.528809
1957.528809
1939.732910
1904.141602
1877.447998
1815.162964
1832.958740
1850.754395
1824.060791
1806.265137
1797.367310
1841.856567
1904.141602
1868.550171
1913.039429
1939.732910
1948.630859
1904.141602
1948.630859
1904.141602
1975.324463
1993.120117
1930.835205
1939.732910
1877.447998
1895.243652
1930.835205
1939.732910
1868.550171
1948.630859
1904.141602
1877.447998
1993.120117
1948.630859
1984.222290
2028.711670
2019.813721
2055.405273
2055.405273
2064.302979
2099.894531
2055.405273
2064.302979
1921.937256
1886.345825
1886.345947
1904.141602
1859.652344
1957.528687
1948.630859
1948.630859
1921.937256
1975.324463
1948.630859
2002.018066
1984.222290
1957.528687
1993.120117
1966.426514
2028.711670
1939.732910
1904.141602
2002.018066
1957.528809
1966.426514
1966.426514
1966.426514
2046.507324
1993.120117
2064.302979
2037.609375
2064.302979
2099.894531
2073.200928
2055.405273
2037.609497
1993.120117
1904.141602
1921.937256
1939.732910
1895.243652
1939.732910
1913.039429
1984.222290
1948.630859
2019.813721
2019.813721
2099.894531
2002.018066
2064.302979
2055.405273
2082.098633
2126.587891
2090.996582
2073.200928
2028.711548
2019.813721
2019.813721
2019.813721
2010.915894
2028.711548
2064.302979
1993.120117
2090.996582
2082.098633
2108.792236
2144.383789
2126.588135
2108.792480
2108.792480
2002.018066
1948.630859
1948.630859
2055.405273
1921.937256
1948.630859
2010.915894
1984.222290
2010.915771
2010.915894
2055.405273
2126.587891
2117.690186
2153.281738
2090.996582
2117.690186
2224.464355
2188.873047
2108.792236
2117.690186
2010.915894
2046.507324
1975.324463
2073.200928
2002.018066
2099.894531
2064.302979
2064.302979
2108.792480
2126.588135
2117.690186
2055.405273
2064.303223
2046.507324
1957.528687
2019.813721
1966.426514
2010.915771
2002.018066
2064.302979
2046.507324
2082.098633
2117.690186
2179.975098
2126.588135
2144.383789
2197.770996
2179.975098
2126.587891
2260.055908
2242.260254
2153.281738
2099.894531
2064.303223
2019.813721
2099.894531
2055.405273
2046.507324
2090.996582
2108.792480
2126.588135
2153.281738
2153.281738
2171.077148
2233.362305
2126.588135
2242.260254
2197.770996
2188.873047
2153.281738
2099.894531
2090.996582
2090.996582
2108.792480
2126.587891
2188.873047
2179.975098
2108.792480
2162.179443
2215.566650
2179.975098
2197.770996
2188.873047
2171.077148
2126.587891
2064.303223
2064.302979
2153.281738
2135.485840
2126.588135
2153.281738
2171.077148
2171.077393
2224.464355
2153.281738
2224.464355
2295.647461
2277.851562
2286.749512
2233.362305
2233.362305
2268.953857
2251.158203
2171.077393
2144.383789
2197.770996
2197.770996
2197.770996
2286.749512
2251.158203
2242.260254
2153.281738
2233.362305
2224.464355
2242.260254
2224.464355
2224.464600
2046.507324
2179.975098
2108.792480
2197.770996
2188.873047
2224.464355
2153.281738
2197.770996
2197.770996
2224.464355
2233.362305
2260.056152
2233.362305
2295.647461
2277.851562
2233.362305
2286.749512
2322.340820
2286.749512
2224.464600
2135.485840
2277.851562
2224.464355
2251.158203
2286.749512
2322.340820
2375.728027
2429.115234
2411.319580
2393.523926
2313.443115
2286.749512
2260.056152
2313.443115
2331.238770
2233.362305
2188.873047
2188.873047
2215.566650
2197.770996
2188.873047
2144.383789
2126.587891
2153.281738
2162.179443
2144.383789
2073.200928
2126.588135
2108.792480
2117.690186
2090.996582
2162.179443
2233.362305
2286.749512
2260.055908
2268.953857
2331.238770
2340.136719
2455.808838
2482.502441
2535.889648
2446.911133
2429.115234
2429.115234
2331.238770
2384.625977
2429.115234
2340.136719
2322.340820
2215.566650
2188.873047
2197.770996
2188.873047
2215.566650
2215.566650
2144.383789
2144.383789
2171.077393
2135.485840
2126.588135
2144.383789
2144.383789
2224.464355
2242.260254
2322.340820
2313.443115
2322.340820
2393.523926
2411.319580
2438.013184
2571.480957
2544.787354
2544.787598
2607.072266
2615.970215
2624.868164
2607.072266
2642.663818
2660.459473
2615.970215
2429.115234
2526.991699
2411.319580
2349.034668
2233.362305
2197.770996
2153.281738
2188.873047
2171.077393
2117.690186
2135.485840
2224.464355
2179.975098
2295.647461
2286.749512
2393.523926
2393.523926
2402.421631
2482.502441
2509.196045
2526.991699
2491.400391
2598.174561
2544.787354
2580.378906
2598.174316
2553.685059
2571.480957
2589.276611
2624.868164
2589.276611
2607.072266
2651.561768
2526.991699
2544.787354
2420.217285
2260.055908
2153.281738
2206.668945
2224.464355
2233.362305
2215.566650
2260.055908
2260.056152
2224.464355
2349.034668
2375.728027
2313.443115
2375.728027
2295.647461
2322.340820
2286.749512
2251.158203
2331.238770
2340.136719
2268.953857
2313.443115
2295.647461
2260.055908
2322.340820
2188.873047
2260.056152
2233.362305
2242.260254
2277.851562
2179.975098
2197.770996
2215.566650
2251.158203
2215.566650
2188.873047
2242.260254
2242.260254
2331.238770
2251.158203
2357.932373
2349.034668
2446.910889
2482.502441
2482.502441
2473.604492
2438.013184
2366.830078
2464.706543
2473.604492
2464.706543
2473.604492
2340.136719
2357.932373
2251.158203
2233.362305
2286.749512
2251.158203
2251.158203
2242.260254
2224.464600
2286.749512
2233.362305
2197.770996
2295.647461
2277.851562
2331.238770
2304.545410
2384.625977
2366.830078
2331.238770
2429.115234
2473.604492
2491.400391
2562.583008
2509.195801
2589.276855
2615.970215
2642.663818
2651.561523
2660.459473
2731.642578
2704.948730
2607.072266
2589.276611
2500.298096
2455.808838
2411.319336
2286.749512
2260.056152
2295.647461
2233.362305
2260.056152
2286.749512
2277.851562
2322.340820
2322.340820
2304.545410
2420.217285
2384.625977
2420.217285
2500.298096
2500.298096
2446.910889
2509.195801
2562.583008
2491.400391
2518.093750
2589.276855
2589.276855
2580.378906
2642.663818
2642.663818
2562.583008
2544.787354
2526.991699
2402.421631
2286.749512
2277.851562
2340.136719
2304.545166
2295.647461
2295.647461
2322.340820
2331.238770
2313.443115
2304.545410
2340.136719
2366.830078
2384.625977
2384.625977
2429.115234
2420.217285
2411.319336
2518.093750
2438.013184
2473.604492
2526.991699
2553.685303
2544.787598
2598.174561
2589.276611
2535.889648
2455.808838
2402.421631
2366.830078
2304.545410
2304.545410
2349.034424
2295.647461
2313.442871
2357.932373
2277.851562
2357.932373
2349.034668
2340.136719
2393.523926
2429.115234
2349.034668
2473.604492
2366.830322
2446.911133
2455.808838
2464.706543
2500.298096
2473.604492
2562.583008
2580.378906
2562.583008
2651.561523
2660.459473
2678.255371
2696.051025
2722.744629
2633.766113
2633.766113
2580.378906
2420.217285
2464.706543
2331.238770
2357.932373
2340.136719
2357.932373
2393.523926
2420.217285
2411.319336
2375.728027
2340.136719
2375.728027
2429.115234
2393.523926
2420.217285
2393.523926
2438.013184
2473.604492
2366.830078
2464.706543
2429.115234
2562.583008
2491.400391
2473.604492
2518.093750
2491.400391
2402.421875
2455.808594
2393.523926
2429.115234
2304.545410
2349.034668
2402.421875
2375.728027
2402.421631
2375.728027
2411.319336
2473.604492
2455.808594
2375.728027
2482.502441
2553.685303
2411.319336
2544.787598
2518.093750
2544.787354
2580.378906
2500.298096
2518.093750
2464.706543
2500.298096
2500.298096
2509.195801
2580.378906
2580.378906
2518.093750
2607.072266
2526.991699
2509.195801
2438.013184
2473.604492
2518.093750
2580.378906
2526.991699
2580.378906
2482.502441
2420.217285
2411.319336
2464.706543
2438.013184
2393.523926
2411.319580
2438.013184
2357.932373
2393.523926
2429.115234
2411.319580
2393.523926
2366.830322
2482.502441
2438.013184
2429.115234
2482.502441
2482.502441
2429.115234
2411.319580
2438.013184
2464.706543
2482.502441
2518.093750
2526.991699
2438.013184
2535.889648
2598.174316
2544.787598
2482.502441
2553.685303
2473.604492
2580.378906
2491.400391
2526.991699
2446.910889
2420.217285
2509.195801
2526.991699
2526.991699
2455.808838
2482.502441
2518.093750
2420.217285
2455.808838
2473.604492
2482.502441
2482.502441
2455.808594
2482.502441
2411.319336
2526.991699
2518.093750
2535.889648
2535.889648
2438.013184
2660.459473
2642.663818
2580.378906
2607.072266
2633.766113
2544.787598
2455.808838
2633.766113
2562.583008
2589.276855
2607.072266
2633.765869
2642.663818
2660.459473
2704.948730
2526.991699
2464.706543
2429.115234
2438.013184
2429.115234
2411.319580
2455.808594
2420.217285
2411.319336
2473.604492
2526.991699
2491.400391
2473.604492
2535.889648
2580.378906
2535.889648
2553.685303
2615.970215
2526.991699
2491.400391
2535.889648
2509.195801
2535.889648
2553.685303
2562.583008
2473.604492
2464.706543
2526.991699
2518.093750
2473.604492
2446.910889
2455.808838
2464.706543
2429.115234
2375.728027
2491.400146
2473.604492
2482.502441
2491.400391
2562.583008
2509.195801
2535.889648
2589.276611
2598.174561
2535.889648
2615.970215
2589.276855
2589.276855
2607.072266
2704.948730
2713.846680
2704.948730
2678.255371
2633.766113
2580.378906
2544.787598
2678.255371
2642.663818
2642.663818
2633.766113
2553.685059
2438.013184
2535.889648
2473.604492
2482.502441
2455.808838
2562.583008
2482.502441
2562.583008
2464.706543
2553.685303
2500.298096
2518.093750
2500.298096
2482.502441
2482.502441
2526.991699
2580.378906
2473.604492
2482.502441
2518.093750
2607.072266
2553.685059
2562.583008
2544.787354
2589.276855
2571.480957
2473.604492
2446.910889
2473.604492
2535.889648
2473.604492
2518.093750
2500.298096
2571.480957
2553.685059
2562.583008
2607.072266
2607.072266
2615.970215
2607.072266
2642.663818
2607.072266
2633.766113
2553.685059
2535.889648
2535.889648
2553.685059
2544.787354
2598.174316
2633.766113
2651.561523
2660.459473
2607.072266
2589.276611
2544.787354
2598.174561
2589.276611
2598.174561
2669.357422
2687.153320
2642.663818
2651.561523
2598.174561
2509.195801
2518.093750
2535.889648
2473.604492
2500.298096
2535.889648
2500.298096
2455.808838
2544.787354
2509.195801
2544.787354
2509.195801
2544.787598
2473.604492
2526.991699
2553.685059
2553.685303
2518.093750
2482.502441
2607.072266
2509.195801
2526.991699
2562.583008
2598.174561
2678.255371
2571.480957
2704.948730
2624.868164
2607.072266
2571.480957
2669.357422
2651.561523
2633.766113
2704.948730
2660.459473
2589.276855
2562.583008
2571.480957
2535.889648
2598.174561
2535.889648
2500.298096
2491.400391
2526.991699
2535.889648
2509.195801
2500.298096
2518.093750
2518.093750
2491.400146
2589.276611
2624.868164
2624.868164
2660.459473
2696.051025
2678.255371
2669.357422
2669.357422
2740.540039
2660.459473
2731.642578
2704.948730
2749.437988
2767.233887
2696.051025
2722.744629
2749.437988
2607.072266
2607.072266
2509.195801
2518.093750
2535.889648
2580.378906
2535.889648
2500.298096
2571.480957
2535.889648
2580.378906
2589.276855
2544.787354
2669.357422
2607.072266
2704.948730
2633.766113
2749.437988
2704.948730
2722.744629
2678.255371
2660.459473
2633.766113
2589.276855
2696.050781
2633.766113
2713.846680
2526.991699
2562.583008
2518.093750
2526.991699
2580.378906
2553.685059
2553.685059
2544.787354
2598.174561
2473.604492
2607.072266
2571.480957
2571.480957
2660.459473
2615.970215
2615.970215
2696.051025
2633.766113
2651.561523
2767.233887
2722.744629
2598.174561
2624.868164
2624.868164
2624.868164
2651.561768
2758.335938
2669.357422
2704.948730
2624.868164
2562.583008
2562.583008
2624.868164
2598.174561
2607.072266
2571.480957
2571.480957
2624.868164
2580.378906
2571.480957
2589.276855
2562.583008
2589.276855
2553.685059
2589.276855
2624.868164
2598.174561
2624.868164
2607.072266
2553.685303
2660.459473
2660.459473
2633.766113
2669.357422
2651.561768
2651.561768
2642.663818
2624.868164
2615.970215
2678.255371
2660.459473
2713.846680
2678.255371
2633.765869
2722.744629
2669.357422
2624.868164
2642.663818
2580.378906
2598.174316
2598.174561
2553.685059
2624.868164
2678.255371
2598.174561
2615.970215
2589.276855
2598.174561
2633.766113
2580.378906
2562.583008
2571.480957
2562.583008
2544.787354
2553.685303
2651.561768
2633.766113
2696.051025
2722.744629
2722.744629
2687.153320
2722.744629
2740.540039
2722.744629
2802.825195
2722.744629
2722.744629
2767.233887
2802.825195
2767.233887
2847.314453
2740.540283
2669.357422
2642.663818
2642.663818
2598.174561
2571.480957
2562.583008
2607.072266
2544.787598
2571.480957
2607.072266
2562.583008
2607.072266
2704.948730
2696.051025
2580.378906
2642.663818
2713.846680
2660.459473
2651.561523
2704.948730
2731.642334
2767.233887
2704.948730
2740.540283
2704.948730
2740.540283
2740.540283
2704.948730
2740.540283
2704.948730
2633.765869
2633.766113
2580.378906
2589.276611
2607.072266
2633.765869
2624.868164
2624.868164
2624.868164
2713.846680
2624.868164
2660.459473
2598.174561
2589.276611
2571.480957
2660.459473
2607.072266
2651.561523
2660.459473
2758.335938
2722.744629
2678.255371
2731.642578
2713.846680
2633.766113
2687.153076
2615.970215
2624.868164
2544.787354
2633.766113
2607.072266
2633.766113
2580.378906
2704.948730
2607.072266
2687.153076
2776.131592
2704.948730
2615.970215
2740.540283
2687.153076
2633.766113
2642.663818
2704.948730
2687.153076
2678.255371
2722.744629
2669.357422
2687.153076
2704.948730
2722.744629
2624.868164
2642.663818
2589.276611
2633.766113
2535.889648
2696.050781
2580.378906
2598.174561
2713.846680
2740.540039
2704.948730
2696.050781
2785.029541
2731.642334
2669.357422
2704.948730
2740.540283
2740.540283
2749.437988
2758.335938
2669.357422
2740.540039
2704.948730
2731.642334
2651.561523
2704.948730
2669.357422
2633.766113
2598.174561
2642.663818
2589.276855
2624.868164
2589.276611
2651.561523
2633.765869
2767.233887
2731.642578
2713.846680
2731.642334
2776.131836
2731.642334
2776.131836
2740.540283
2696.051025
2749.437988
2793.927490
2669.357422
2696.050781
2722.744629
2651.561523
2722.744629
2731.642334
2669.357422
2660.459473
2651.561523
2607.072266
2651.561523
2580.378906
2615.970215
2696.050781
2624.868164
2749.437988
2776.131592
2651.561523
2785.029541
2811.723145
2749.437988
2704.948730
2776.131836
2829.518799
2713.846680
2847.314453
2767.233887
2713.846680
2740.540283
2776.131836
2731.642578
2669.357422
2660.459473
2669.357422
2642.663818
2642.663818
2615.970215
2607.072266
2660.459473
2615.970215
2731.642578
2731.642578
2687.153076
2669.357422
2776.131836
2713.846680
2793.927490
2669.357422
2713.846680
2785.029541
2615.970215
2722.744629
2696.050781
2696.050781
2669.357422
2793.927246
2713.846680
2722.744629
2687.153320
2660.459473
2704.948730
2589.276855
2642.663818
2580.378906
2660.459473
2758.335938
2740.540283
2713.846680
2802.825195
2793.927246
2820.621094
2767.233887
2874.008301
2820.621094
2829.519043
2891.803711
2767.233887
2785.029541
2856.212402
2696.050781
2678.255371
2758.335938
2722.744629
2687.153076
2615.970215
2740.540283
2642.663818
2615.970215
2642.663818
2669.357422
2633.766113
2740.540283
2758.335938
2722.744629
2811.723145
2820.621094
2802.825195
2874.008057
2882.906006
2900.701660
2900.701660
2909.599609
2891.803711
2971.884521
2936.292969
3007.476074
2918.497559
2980.782227
2811.723145
2651.561523
2678.255371
2713.846680
2615.970215
2642.663818
2624.868164
2669.357422
2731.642334
2678.255371
2687.153076
2749.437988
2749.437988
2731.642578
2758.335938
2740.540283
2758.335938
2785.029541
2802.825195
2740.540039
2713.846680
2820.621094
2731.642578
2785.029541
2740.540283
2731.642334
2678.255371
2696.051025
2687.153076
2633.765869
2704.948730
2678.255371
2633.766113
2758.335938
2642.663818
2669.357422
2696.051025
2669.357422
2696.051025
2740.540039
2740.540039
2776.131836
2704.948730
2731.642334
2713.846680
2696.050781
2731.642578
2802.825195
2642.663818
2785.029541
2696.051025
2713.846680
2722.744629
2731.642334
2678.255371
2660.459473
2678.255371
2713.846680
2704.948730
2696.050781
2749.437988
2696.051025
2660.459473
2731.642578
2722.744629
2740.540039
2767.233887
2785.029541
2722.744629
2758.335938
2722.744629
2740.540039
2749.437988
2704.948730
2696.051025
2722.744629
2704.948730
2722.744629
2660.459473
2722.744629
2651.561523
2687.153320
2713.846680
2704.948730
2740.540283
2767.233887
2740.540283
2722.744629
2802.825195
2785.029541
2820.621094
2865.110352
2838.416504
2891.803711
2927.395264
2865.110352
2927.395264
2811.723145
2820.621094
2865.110352
2731.642578
2820.621094
2660.459473
2669.357422
2749.437988
2704.948730
2731.642578
2687.153076
2749.437988
2722.744629
2678.255371
2651.561523
2767.233887
2758.335938
2740.540283
2704.948730
2776.131836
2749.437988
2802.825195
2793.927246
2802.825195
2874.008057
2749.437988
2749.437988
2838.416748
2687.153076
2767.233887
2660.459473
2722.744629
2696.050781
2758.335938
2696.050781
2722.744629
2704.948730
2740.540283
2785.029541
2722.744629
2696.050781
2749.437988
2722.744629
2767.233887
2722.744629
2776.131836
2722.744629
2767.233887
2793.927246
2802.825195
2749.437988
2740.540283
2767.233887
2758.335938
2678.255371
2722.744629
2749.437988
2704.948730
2687.153076
2722.744629
2687.153076
2776.131836
2758.335938
2829.518799
2811.723145
2793.927246
2731.642334
2802.825195
2767.233887
2785.029541
2749.437988
2740.540283
2856.212402
2793.927490
2811.723145
2829.518799
2749.437988
2802.825195
2776.131836
2713.846680
2713.846680
2722.744629
2696.051025
2722.744629
2669.357422
2776.131836
2785.029541
2696.050781
2900.701660
2776.131836
2785.029541
2820.621094
2713.846680
2820.621094
2820.621094
2811.723145
2882.906006
2793.927246
2802.825195
2829.519043
2838.416748
2785.029541
2758.335938
2767.233887
2731.642334
2731.642334
2740.540283
2696.051025
2749.437988
2678.255371
2722.744629
2740.540283
2865.110352
2820.621094
2829.518799
2909.599609
2909.599609
2847.314453
2909.599609
2909.599609
2874.008057
2927.395264
2945.190918
2909.599609
3069.760986
2918.497314
2918.497559
2962.986816
2945.190918
2740.540283
2749.437988
2713.846680
2696.051025
2731.642578
2749.437988
2785.029541
2767.233887
2793.927490
2722.744629
2829.518799
2758.335938
2802.825195
2740.540283
2785.029541
2838.416748
2776.131836
2874.008301
2847.314453
2936.292969
2900.701660
2891.803711
2820.621094
2874.008301
2793.927246
2785.029541
2740.540283
2785.029541
2713.846680
2722.744629
2731.642334
2802.825195
2740.540283
2820.621094
2767.233887
2722.744629
2767.233887
2829.518799
2767.233887
2785.029541
2731.642334
2838.416748
2802.825195
2838.416504
2865.110352
2856.212402
2847.314453
2874.008057
2802.825195
2829.518799
2722.744629
2731.642334
2740.540039
2758.335938
2687.153076
2767.233887
2758.335938
2802.825195
2829.519043
2776.131836
2785.029541
2758.335938
2802.825195
2749.437988
2793.927490
2776.131836
2838.416748
2776.131592
2847.314453
2838.416504
2776.131592
2891.803711
2802.825195
2785.029541
2767.233887
2856.212402
2758.335938
2749.437988
2776.131836
2731.642334
2722.744629
2820.621094
2811.723145
2802.825195
2874.008301
2740.540039
2811.723145
2847.314453
2874.008057
2722.744629
2865.110352
2785.029541
2847.314453
2838.416504
2802.825195
2820.621094
2802.825195
2856.212402
2811.723145
2811.723145
2793.927490
2740.540039
2704.948730
2758.335938
2740.540039
2776.131836
2829.518799
2838.416748
2882.906006
2811.723145
2874.008057
2856.212402
2891.803711
2874.008057
2927.395264
2838.416748
2909.599609
2793.927246
2811.723145
2900.701660
2793.927246
2874.008301
2874.008057
2802.825195
2758.335938
2776.131592
2847.314453
2731.642578
2722.744629
2793.927246
2802.825195
2767.233887
2891.803711
2820.621094
2891.803711
2962.986816
2927.395264
2962.986816
2962.986816
3016.373779
2980.782227
2989.680176
3060.863281
2936.292969
2980.782471
2909.599609
2856.212402
2847.314453
2838.416748
2767.233887
2767.233887
2829.519043
2713.846680
2731.642334
2856.212402
2793.927246
2740.540283
2865.110352
2793.927246
2856.212402
2820.621094
2874.008301
2874.008301
2918.497559
2847.314453
2945.190918
2882.905762
2856.212402
2882.906006
2945.190918
2838.416504
2829.519043
2856.212402
2802.825195
2802.825195
2758.335938
2838.416748
2811.723145
2749.437988
2847.314453
2758.335938
2758.335938
2829.519043
2793.927246
2847.314453
2865.110352
2865.110352
2820.621094
2856.212402
2900.701660
2776.131836
2856.212402
2865.110352
2785.029541
2829.518799
2802.825195
2900.701660
2802.825195
2767.233887
2829.519043
2793.927246
2820.621094
2740.540039
2802.825195
2847.314453
2767.233887
2820.621094
2865.110352
2820.621094
2802.825195
2918.497559
2918.497314
2793.927246
2927.395264
2838.416504
2882.905762
2874.008301
2856.212402
2820.621094
2874.008057
2829.518799
2793.927246
2820.621094
2882.905762
2749.437988
2767.233887
2838.416748
2856.212402
2793.927490
2865.110352
2820.621094
2829.519043
2838.416748
2865.110352
2847.314453
2936.292969
2927.395264
2865.110352
2936.292969
2918.497559
2927.395264
2838.416504
2847.314453
2882.906006
2811.723145
2793.927246
2829.518799
2820.621094
2811.723145
2793.927246
2793.927246
2829.518799
2847.314453
2820.621094
2874.008057
2829.518799
2838.416504
2882.906006
2909.599609
2847.314453
2989.680176
2874.008057
3060.863281
2891.803711
3016.373779
2998.578125
2945.190918
2936.292969
2918.497559
2936.292969
2927.395264
2856.212402
2874.008301
2847.314453
2847.314453
2820.621094
2874.008057
2882.905762
2722.744629
2927.395264
2811.723145
2856.212402
2900.701660
2802.825195
2927.395264
2847.314453
2856.212402
2918.497559
2927.395264
2927.395264
2945.190918
2820.621094
2838.416504
2882.906006
2793.927246
2856.212402
2811.723145
2811.723145
2900.701660
2847.314453
2891.803711
3007.476074
2874.008057
2847.314453
2891.803711
2856.212402
2865.110352
2847.314453
2927.395264
2891.803711
2874.008301
2927.395264
2882.906006
2971.884521
2882.906006
2847.314453
2847.314453
2829.519043
2793.927246
2793.927246
2838.416748
2785.029541
2802.825195
2829.519043
2882.906006
2856.212402
2971.884521
2971.884766
2882.906006
2954.088867
2971.884521
3016.374023
2962.986816
3034.169434
2954.088867
2945.190918
2945.190918
2936.292969
2909.599609
2936.292969
2891.803711
2900.701660
2802.825195
2820.621094
2856.212402
2802.825195
2838.416748
2927.395264
2838.416748
2802.825195
2945.190918
2865.110352
2722.744629
2909.599609
2900.701660
2776.131592
2927.395264
2891.803711
2874.008057
2900.701660
2980.782227
2909.599609
2882.906006
2918.497559
2918.497559
2865.110352
2820.621094
2820.621094
2820.621094
2802.825195
2874.008057
2882.906006
2838.416504
2891.803711
2811.723145
2900.701660
2856.212402
2847.314453
2882.906006
2856.212402
2802.825195
2909.599609
2927.395264
2900.701660
2954.088867
2954.088867
2820.621094
2909.599609
2945.190918
2820.621094
2829.519043
2820.621094
2820.621094
2820.621094
2793.927246
2882.906006
2918.497559
2918.497314
2954.088867
2936.293213
2998.578125
2945.190918
2962.986816
2954.088867
3007.476074
2909.599609
2980.782471
2980.782227
2989.680176
2980.782227
2980.782227
2954.088867
2882.906006
2874.008301
2820.621094
2874.008057
2793.927246
2829.518799
2829.519043
2874.008057
2874.008301
2927.395264
2900.701660
2900.701660
2962.986816
2865.110352
2927.395264
2865.110352
2954.088867
2900.701660
2918.497314
3007.476074
2945.190918
2971.884521
3025.271729
2918.497559
2927.395264
2865.110352
2882.906006
2793.927246
2865.110352
2820.621094
2874.008301
2838.416748
2918.497559
2882.906006
2918.497559
2811.723145
2927.395264
2856.212402
2900.701660
2865.110352
2891.803711
2802.825195
2962.986816
2900.701660
2945.190918
2954.088867
2927.395264
2954.088867
2874.008301
2927.395264
2856.212402
2820.621094
2838.416748
2900.701660
2785.029541
2856.212402
2927.395264
2927.395264
2971.884521
2882.906006
2945.190918
2891.803711
2980.782227
2865.110352
2847.314453
2900.701660
2918.497314
2918.497559
2936.293213
2954.088867
2865.110352
2954.088867
2891.803711
2847.314453
2927.395264
2820.621094
2820.621094
2856.212402
2856.212402
2829.519043
2936.292969
2882.906006
2900.701660
2945.190918
3007.476074
2927.395264
2980.782471
3016.373779
3016.374023
2989.680176
2954.088867
3025.271484
3043.067383
3025.271729
3060.863281
2980.782227
2954.088867
2865.110352
2900.701660
2918.497559
2820.621094
2829.519043
2918.497559
2856.212402
2900.701660
2847.314453
2936.293213
2891.803711
2882.906006
2936.293213
2927.395264
2971.884521
2954.088867
2980.782227
2918.497314
2936.292969
2891.803711
2980.782227
2936.293213
2989.680176
2909.599609
2874.008301
2874.008057
2936.293213
2829.519043
2820.621094
2918.497559
2874.008301
2874.008301
2865.110352
2891.803711
2820.621094
2980.782227
2900.701660
2909.599609
2918.497559
2927.395264
2909.599609
2945.190918
2900.701660
2874.008057
2945.190918
2918.497559
2927.395264
2856.212402
2909.599609
2829.518799
2874.008301
2918.497559
2847.314453
2882.906006
2998.578125
2847.314453
2954.088867
2874.008057
2856.212402
2900.701660
2971.884766
2936.292969
2927.395264
2918.497559
2954.088867
2962.986816
2909.599609
2936.292969
2909.599609
2945.190918
2865.110352
2874.008057
2936.292969
2847.314453
2838.416748
2891.803711
2847.314453
2874.008057
2945.190918
2882.906006
2909.599609
2891.803711
3016.373779
2936.293213
3069.760986
3034.169434
3034.169434
3025.271729
3034.169434
3025.271729
3007.476074
2882.906006
2971.884521
2918.497559
2945.190918
2847.314453
2900.701660
2891.803711
2909.599609
2856.212402
2971.884521
2865.110352
2874.008057
2927.395264
2918.497559
2936.292969
2909.599609
2900.701660
3007.476074
2998.578125
2954.088867
3025.271484
3007.476074
3007.476074
2954.088867
3078.658936
2882.906006
2954.088867
2909.599609
2838.416504
2945.190918
2882.906006
2909.599609
2811.723145
3016.373779
2882.906006
2865.110352
2918.497314
2927.395264
2882.905762
2856.212402
2936.292969
2891.803711
2936.292969
2989.680176
2927.395264
2998.578125
2971.884521
3007.476074
2927.395264
2927.395264
2847.314453
2945.190918
2900.701660
2847.314453
2900.701660
2909.599609
2936.293213
2891.803711
2971.884521
2918.497559
2962.986816
2882.905762
2874.008057
2900.701660
2954.088867
2900.701660
2962.986816
2954.088867
2945.190918
2954.088867
3016.374023
2891.803711
2954.088867
2891.803711
2909.599609
2856.212402
2909.599609
2918.497559
2847.314453
2865.110352
2900.701660
3016.374023
2962.986816
2971.884521
2927.395264
2980.782227
2980.782227
3025.271729
2962.986816
2980.782471
2971.884521
3016.373779
3034.169434
3016.374023
2971.884521
2962.986816
2936.292969
2909.599609
2909.599609
2865.110352
2874.008057
2865.110352
2936.292969
2856.212402
2971.884766
2882.906006
2954.088867
3007.476074
2882.906006
2882.906006
2918.497314
2962.986816
2962.986816
2954.088867
3043.067383
3016.373779
3034.169434
3007.476074
2998.578125
2998.578125
2891.803711
2882.906006
2900.701660
2900.701660
2900.701660
2874.008301
2882.906006
2945.190918
2909.599609
2936.292969
2856.212402
2962.986816
2927.395264
2874.008301
2980.782227
2927.395264
2962.986816
2980.782227
2962.986816
3007.476074
2989.680176
3007.476074
2936.293213
2998.578125
2945.190918
2918.497559
2918.497559
2865.110352
2829.519043
2936.292969
2891.803711
2954.088867
2936.292969
2954.088867
2900.701660
2936.293213
2954.088867
2962.986816
2909.599609
2945.190918
2909.599609
3007.476074
2936.292969
3025.271729
2980.782471
2998.578125
2954.088867
2980.782227
2891.803711
2900.701660
2882.905762
2882.905762
2891.803711
2891.803711
2936.292969
2945.190918
3025.271484
2882.906006
3007.476074
2971.884766
2909.599609
3043.067383
2962.986816
2998.578125
2891.803711
2945.190918
3087.556641
2882.906006
3043.067383
2971.884766
2945.190918
2962.986816
2891.803711
2882.906006
2909.599609
2918.497559
2891.803711
2874.008301
2927.395264
2980.782227
3016.373779
2980.782471
3016.374023
3087.556641
3105.352539
2980.782471
3051.965332
3043.067383
2998.578125
3016.374023
3060.863281
3051.965332
2954.088867
3025.271729
2962.986816
2989.680176
2900.701660
2918.497559
2909.599609
2918.497559
2891.803711
2891.803711
2971.884521
2865.110352
3069.760986
2909.599609
2918.497559
3016.374023
2989.680176
2971.884521
2927.395264
2891.803711
2962.986816
2998.578125
2945.190918
2998.578125
3043.067383
2962.986816
2936.292969
2971.884521
2962.986816
2856.212402
2865.110352
2954.088867
2980.782471
2900.701660
2989.680176
2909.599609
2980.782471
2945.190918
2954.088867
2998.578125
2962.986816
2918.497559
3016.374023
2962.986816
2962.986816
3087.556641
2962.986816
2900.701660
3069.760986
2936.292969
2918.497559
2936.292969
2971.884521
2874.008057
2882.905762
2980.782227
2891.803711
2954.088867
2945.190918
2954.088867
2927.395264
2954.088867
2962.986816
2971.884521
3043.067383
2936.292969
2962.986816
2980.782227
3016.374023
2927.395264
3007.476074
2962.986816
2998.578125
3016.373779
2847.314453
3016.373779
2918.497559
2909.599609
2918.497559
2936.292969
2954.088867
2936.293213
2971.884521
2936.292969
2989.680176
2962.986816
2980.782471
2998.578125
3034.169434
2927.395264
2962.986816
2962.986816
2980.782471
2980.782471
3007.476074
2945.190918
2980.782471
2962.986816
2900.701660
3007.476074
2882.906006
2900.701660
3007.476074
2962.986816
2936.292969
2971.884521
3007.476074
2945.190918
3025.271729
3034.169434
2954.088867
2962.986816
3025.271729
3051.965332
2971.884521
2962.986816
2998.578125
3007.476074
2945.190918
2998.578125
2882.905762
3016.373779
2918.497559
2909.599609
2971.884521
2962.986816
2936.292969
3007.476074
2945.190918
2918.497559
2936.292969
2998.578125
2989.680176
3034.169434
2962.986816
3007.476074
3043.067383
2954.088867
3043.067383
3025.271729
2971.884521
2971.884521
2936.293213
3025.271484
2962.986816
2971.884766
2927.395264
2882.906006
2989.680176
2909.599609
2918.497314
3025.271729
2980.782227
2954.088867
3034.169434
2971.884521
3176.535156
3007.476074
3025.271729
3069.760986
3034.169434
3078.658691
2989.680176
3034.169434
3051.965332
3123.148193
2954.088867
2909.599609
2954.088867
2936.292969
2927.395264
2936.292969
2998.578125
3016.374023
2936.292969
2989.680176
2900.701660
2980.782227
2980.782227
3060.863281
3016.373779
3051.965332
3034.169434
2998.578125
3078.658691
3007.476074
3007.476074
3096.454590
2945.190918
2936.292969
3016.373779
2909.599609
3043.067383
2927.395264
2954.088867
3043.067383
2962.986816
2989.680176
3016.373779
2962.986816
2954.088867
2954.088867
2998.578125
3025.271729
3043.067383
3043.067383
3007.476074
2998.578125
3105.352539
2980.782227
3007.476074
2954.088867
2980.782471
2918.497559
2954.088867
2989.680176
2927.395264
3034.169434
2954.088867
2927.395264
3007.476074
2962.986816
3016.373779
3007.476074
2971.884521
2945.190918
3025.271729
3034.169434
3060.863281
3043.067383
3078.658691
3007.476074
3043.067383
2998.578125
3025.271729
3034.169434
2945.190918
2962.986816
2954.088867
2945.190918
2998.578125
2980.782471
2998.578125
2954.088867
2989.680176
2989.680176
2989.680176
3016.374023
3016.374023
3025.271484
3025.271729
2971.884521
3051.965332
3087.556641
3051.965332
2998.578125
3051.965332
2962.986816
2989.680176
2998.578125
2927.395264
2909.599609
2954.088867
2980.782227
3016.373779
2980.782227
2989.680176
3025.271729
2989.680176
3007.476074
2998.578125
3051.965332
2945.190918
3096.454590
3051.965332
2954.088867
3132.045898
3034.169434
2998.578125
3114.250244
2998.578125
3034.169434
2962.986816
2980.782227
2954.088867
3007.476074
2954.088867
2971.884521
3025.271729
2936.293213
2945.190918
3034.169434
2945.190918
2998.578125
2980.782471
3043.067383
2980.782471
3105.352539
2989.680176
3034.169434
3025.271729
3087.556641
2998.578125
2989.680176
3043.067383
2936.292969
2971.884521
2954.088867
2891.803711
3060.863281
2918.497559
2962.986816
2971.884521
3016.374023
2980.782471
3051.965332
3034.169434
3069.760986
3078.658691
3060.863281
3149.841797
3016.373779
3069.760986
3185.433105
3060.863037
3167.637207
3149.841797
3158.739502
3069.760986
3096.454590
3096.454590
3043.067383
3069.760986
3051.965332
3060.863037
2980.782471
3087.556641
3007.476074
3096.454590
3016.374023
2989.680176
3007.476074
3043.067383
3034.169434
2989.680176
3043.067383
2998.578125
3114.250488
3016.373779
2962.986816
3078.658691
2918.497559
2945.190918
2962.986816
2962.986816
2989.680176
2989.680176
3043.067383
3025.271729
3167.637207
3069.760986
3149.841797
3087.556641
3025.271729
3060.863037
3060.863281
2954.088867
3087.556641
3060.863037
3025.271729
3105.352539
2989.680176
2971.884521
2971.884521
2980.782227
2918.497559
2900.701660
2998.578125
2900.701660
2954.088867
3060.863037
2909.599609
3043.067383
3051.965332
3016.373779
3078.658691
3069.760986
3069.760986
3114.250244
3087.556641
3016.373779
3105.352539
3123.147949
3025.271729
3105.352539
3087.556641
3051.965332
2980.782227
3034.169434
2918.497559
3016.374023
2954.088867
2945.190918
2980.782227
3060.863281
2971.884521
3114.250244
3016.374023
3016.373779
3123.148193
3034.169434
2954.088867
3149.841797
3034.169434
3132.045898
3025.271729
3123.147949
3078.658691
3140.943848
2971.884766
2945.190918
3051.965332
2962.986816
2927.395264
2962.986816
2962.986816
2971.884521
2945.190918
2998.578125
3043.067383
3043.067383
2971.884521
3034.169434
3043.067383
2954.088867
3034.169434
3007.476074
3025.271729
2998.578125
3043.067383
3025.271729
3078.658691
2962.986816
2980.782227
2962.986816
2989.680176
3007.476074
2971.884521
3087.556641
2962.986816
2980.782227
3069.760986
2971.884521
3078.658936
3043.067383
2998.578125
3132.045898
3123.148193
3016.373779
3078.658691
3096.454590
2980.782471
3016.374023
3087.556641
2989.680176
3078.658691
2962.986816
2971.884766
3025.271484
3007.476074
2945.190918
2998.578125
2980.782471
2962.986816
2962.986816
3016.373779
3034.169434
3096.454590
3051.965332
3069.760986
3051.965332
3096.454590
3105.352539
3149.841797
3043.067383
3051.965332
3096.454590
2980.782227
2980.782227
3060.863281
2962.986816
2936.292969
3025.271729
3025.271729
2954.088867
3043.067383
2900.701660
2945.190918
3016.374023
2989.680176
3051.965332
3096.454590
2989.680176
3123.148193
3132.045898
3051.965332
3140.943848
3034.169434
3043.067383
3078.658691
3078.658691
2962.986816
2971.884521
3025.271729
2927.395264
3078.658936
3025.271484
3034.169434
2945.190918
3043.067383
3043.067383
2980.782227
3105.352539
3034.169434
3060.863281
3096.454590
3025.271484
3167.637207
3078.658691
3025.271729
3043.067383
3051.965332
3016.373779
3025.271484
3016.373779
2927.395264
3051.965332
2998.578125
2998.578125
3069.760986
3069.760986
3034.169434
3096.454590
3034.169434
3051.965332
3078.658691
3105.352539
3167.637207
3176.535156
3203.229004
3212.126709
3123.148193
3123.147949
3087.556641
3149.841797
3114.250488
3007.476074
3034.169434
3007.476074
2962.986816
3025.271729
3016.373779
3007.476074
2989.680176
2989.680176
3051.965332
3043.067383
3025.271729
3114.250244
3060.863281
3087.556641
3060.863281
3105.352539
3132.045898
3132.045898
3051.965332
2980.782227
3034.169434
3043.067383
3043.067383
3078.658691
3114.250244
3069.760986
3140.943848
3114.250244
3096.454590
3194.331055
3096.454590
3105.352539
3069.760986
3105.352539
3123.147949
3043.067383
3078.658691
3069.760986
3043.067383
3060.863281
3069.760986
3078.658691
2945.190918
3034.169434
3043.067383
2945.190918
2998.578125
2980.782227
2954.088867
3016.373779
3025.271729
2980.782471
3043.067383
3034.169434
3078.658936
3114.250244
3060.863281
3123.147949
3114.250244
3149.841797
3123.148193
3123.147949
3140.943848
3167.637207
3212.126709
3185.433105
3212.126709
3194.331055
3167.637451
3069.760986
3096.454590
3096.454590
3140.943848
3149.841797
3176.535156
3158.739502
3149.841797
3096.454590
2980.782227
3078.658691
3025.271729
3069.760986
3060.863037
3114.250244
3078.658691
3034.169434
3078.658936
3025.271484
3060.863281
2918.497559
2998.578125
2962.986816
2962.986816
3069.760986
3025.271729
3069.760986
3078.658691
3025.271729
3096.454590
3123.147949
3007.476074
3149.841797
3043.067383
3229.922363
3123.147949
3185.433105
3149.841797
3158.739746
3149.841797
3114.250244
3025.271729
3025.271729
3069.760986
2918.497559
2980.782227
2962.986816
3016.374023
3007.476074
3051.965332
3025.271484
2980.782227
3043.067383
3007.476074
3016.373779
3078.658691
3051.965332
3016.374023
3051.965332
3158.739746
3087.556641
3158.739502
3087.556641
3087.556641
3176.535156
3185.433105
3140.943848
3078.658691
3096.454590
3069.760986
3043.067383
2989.680176
3078.658691
3105.352539
2962.986816
3087.556641
3069.760986
3060.863037
3025.271729
3069.760986
3016.374023
3060.863281
3078.658691
3043.067383
3087.556641
3043.067383
3051.965332
3043.067383
3096.454590
2945.190918
3007.476074
2989.680176
3034.169434
3034.169434
3087.556641
3132.045898
3096.454590
3140.943848
3007.476074
3140.943848
3114.250244
3051.965332
3105.352539
2954.088867
3114.250244
3060.863037
3123.147949
3007.476074
3114.250244
3007.476074
3016.373779
2936.293213
2971.884521
2998.578125
2989.680176
2962.986816
2962.986816
3060.863037
2998.578125
3025.271729
3078.658691
3069.760986
3096.454590
3123.147949
3069.760986
3167.637451
3114.250488
3096.454590
3087.556641
3114.250244
3096.454590
3114.250244
3149.841797
3087.556641
3043.067383
2954.088867
3051.965332
2954.088867
3007.476074
3025.271729
2945.190918
2998.578125
3034.169434
3016.373779
3096.454590
3069.760986
3078.658691
3114.250488
3043.067383
3105.352539
3060.863281
3043.067383
3034.169434
3140.943848
3025.271729
3060.863037
3051.965332
2998.578125
3007.476074
3007.476074
3043.067383
2989.680176
2954.088867
2980.782227
3016.373779
3051.965332
3025.271729
3140.943848
2971.884521
3132.045898
3060.863281
3060.863281
3123.148193
3114.250244
3016.373779
3069.760986
3060.863281
3069.760986
3069.760986
2989.680176
3007.476074
2971.884521
3025.271729
3025.271729
3051.965332
2998.578125
3043.067383
2954.088867
3087.556641
3051.965332
3132.045898
3069.760986
3069.760986
3105.352539
3123.148193
3123.148193
3051.965332
3105.352539
3051.965332
3034.169434
3096.454590
3007.476074
2971.884521
2971.884766
3051.965332
2998.578125
2980.782227
3078.658936
2962.986816
3034.169434
2980.782227
2989.680176
3096.454590
3078.658691
3096.454590
3069.760986
3051.965332
3167.637207
3069.760986
3087.556641
3051.965332
3123.147949
2971.884521
3096.454590
3034.169434
3060.863281
2980.782471
3034.169434
2980.782471
2989.680176
3007.476074
3016.374023
3043.067383
3016.373779
3034.169434
3096.454590
3060.863281
3274.411621
3043.067383
3123.148193
3105.352539
3132.045898
3114.250488
3203.229004
3060.863281
3149.841797
3034.169434
3087.556641
2971.884521
3034.169434
3016.373779
2998.578125
2980.782471
3060.863281
3007.476074
3034.169434
2980.782471
2954.088867
3105.352539
3034.169434
3149.841797
3087.556641
3096.454590
3034.169434
3069.760986
3140.943848
3016.374023
3060.863281
3051.965332
2989.680176
3007.476074
2998.578125
3096.454590
3016.374023
2980.782227
3016.374023
3043.067383
3016.373779
3060.863037
2989.680176
3060.863281
3034.169434
3140.943848
3078.658691
3149.841797
3149.841797
3140.943848
3114.250244
3203.229004
3069.760986
3123.148193
3140.943848
3016.373779
2971.884521
3051.965332
2971.884521
3025.271729
2998.578125
3025.271729
2998.578125
3060.863281
3007.476074
3025.271729
3025.271729
3060.863281
3132.045898
3051.965332
3114.250488
3158.739502
3096.454590
3123.147949
3176.535156
3203.229004
3078.658691
2971.884521
3043.067383
3034.169434
3034.169434
3016.374023
2980.782227
3043.067383
3016.373779
2980.782227
3069.760986
3060.863281
3016.374023
3114.250244
3043.067383
3114.250244
3087.556641
3140.943848
3105.352539
3123.147949
3025.271729
3140.943848
3132.045898
3025.271729
3087.556641
3034.169434
3069.760986
3034.169434
3034.169434
3016.373779
3043.067383
3105.352539
3158.739502
3140.943848
3167.637451
3078.658691
3051.965332
3114.250244
3016.373779
3140.943848
3025.271729
3149.841797
3114.250244
3051.965332
3016.374023
3123.148193
3025.271484
2971.884766
3051.965332
2989.680176
2980.782227
2989.680176
2971.884766
3025.271484
3007.476074
3060.863281
3078.658691
3123.148193
3140.943848
3149.841797
3167.637207
3105.352539
3132.045898
3212.126709
3167.637451
3212.126709
3238.820312
3158.739746
3265.513672
3176.535156
3123.148193
3043.067383
3078.658936
2989.680176
3034.169434
3051.965332
2971.884521
3123.147949
3007.476074
3034.169434
3132.045898
3034.169434
3087.556641
3025.271729
3167.637451
3034.169434
3123.147949
3096.454590
3025.271729
3078.658936
3051.965332
3069.760986
3025.271729
3105.352539
3096.454590
3069.760986
3114.250244
3114.250488
3176.535156
3149.841797
3158.739746
3114.250244
3149.841797
3149.841797
3185.433105
3087.556641
3167.637451
3034.169434
3149.841797
3007.476074
3087.556641
3025.271729
2998.578125
3043.067383
3034.169434
3007.476074
2936.293213
3060.863281
2980.782227
2954.088867
3078.658936
2971.884766
3016.373779
3078.658691
3105.352539
3123.147949
3221.024414
3185.433105
2989.680176
3176.535156
3167.637207
3114.250488
3158.739502
3221.024414
3212.126709
3265.513916
3212.126709
3247.718262
3229.922363
3132.045898
3105.352539
3087.556641
3132.045898
3212.126709
3167.637451
3096.454590
3078.658691
3069.760986
3034.169434
3132.045898
3051.965332
3060.863281
3034.169434
3078.658936
3043.067383
3123.147949
2980.782227
3087.556641
3034.169434
3016.373779
2971.884521
3051.965332
2918.497314
3034.169434
3043.067383
3034.169434
3078.658691
3194.331055
3087.556641
3212.126709
3176.535156
3194.331055
3212.126709
3292.207520
3149.841797
3229.922363
3167.637451
3158.739746
3158.739746
3016.374023
3185.433105
3069.760986
2971.884521
3007.476074
3060.863281
2962.986816
3007.476074
3007.476074
2962.986816
3051.965332
3078.658691
2989.680176
3078.658691
3034.169434
3114.250488
3043.067383
3158.739502
3060.863281
3087.556641
3069.760986
3105.352539
3203.229004
3087.556641
3043.067383
3123.147949
3007.476074
2998.578125
3016.373779
3069.760986
2936.293213
3105.352539
2971.884521
2998.578125
3123.148193
2998.578125
3078.658936
3078.658691
3078.658936
3149.841797
3087.556641
3069.760986
3069.760986
3025.271484
3034.169434
3114.250488
2971.884521
3034.169434
3025.271729
2998.578125
3025.271729
3060.863281
2998.578125
3007.476074
3069.760986
3034.169434
3123.147949
3051.965332
3123.147949
3105.352539
3176.535156
3087.556641
3140.943848
3238.820312
3167.637451
3140.943848
3140.943848
3069.760986
3140.943848
3078.658691
2998.578125
2989.680176
3051.965332
2989.680176
2971.884521
3007.476074
3016.374023
2927.395264
3114.250244
2962.986816
3105.352539
3105.352539
2998.578125
3132.045898
3060.863281
3087.556641
3194.331055
3203.228760
3078.658691
3238.820312
3132.045898
3078.658691
3060.863281
3025.271729
3025.271729
3034.169434
2954.088867
2998.578125
3016.373779
3025.271484
2989.680176
3007.476074
3007.476074
3114.250244
3087.556641
3051.965332
3051.965332
3105.352539
3069.760986
3078.658691
3096.454590
3123.148193
3034.169434
3025.271729
2998.578125
3105.352539
3069.760986
2998.578125
3051.965332
2998.578125
3034.169434
3132.045898
3043.067383
3096.454590
3060.863281
3123.147949
3069.760986
3176.535156
3087.556641
3167.637451
3114.250244
3140.943848
3149.841797
3221.024414
3060.863281
3114.250244
3149.841797
3051.965332
2998.578125
3043.067383
3051.965332
2989.680176
2971.884766
3007.476074
3034.169434
3007.476074
2980.782227
3043.067383
3060.863281
2998.578125
3158.739746
3043.067383
3132.045898
3060.863281
3132.045898
3060.863281
3203.229004
3140.943848
3087.556641
3185.433105
3069.760986
3051.965332
3149.841797
3016.373779
3060.863037
3007.476074
2945.190918
2998.578125
3069.760986
3114.250488
2954.088867
3149.841797
3034.169434
3105.352539
3069.760986
3043.067383
3069.760986
3087.556641
3034.169434
3087.556641
3016.374023
3025.271484
3034.169434
3114.250244
2980.782471
3007.476074
3034.169434
3043.067383
3069.760986
3123.148193
3123.148193
3185.433105
3203.229004
3114.250244
3114.250488
3069.760986
3140.943848
3105.352539
3158.739746
3114.250244
3185.433105
3105.352539
3051.965332
2918.497559
2927.395264
2767.233887
2856.212402
2811.723145
2811.723145
2758.335938
2687.153320
2598.174561
2491.400391
2144.383789
1601.614502
1210.108765
1138.925781
1138.925781
1183.415161
1094.436523
1049.947266
845.296509
702.930786
631.747925
685.135010
809.705078
809.705078
747.420044
818.602905
809.705078
871.990112
916.479370
863.092224
925.377197
952.070801
960.968628
925.377197
871.990112
863.092224
907.581482
1032.151489
1103.334473
1138.925903
1245.700073
1210.108765
1236.802246
1156.721558
1147.823730
1201.210815
1183.415161
1299.087158
1299.087158
1299.087280
1299.087280
1263.495850
1316.883057
1299.087280
1307.985107
1361.372314
1343.576538
1343.576538
1405.861572
1396.963623
1388.065796
1441.453003
1441.453003
1423.657227
1245.700073
943.172974
507.177887
195.752869
124.570007
88.978577
0.000000
-160.161438
-213.548584
-222.446442
-231.344299
-142.365723
-26.693573
106.774292
213.548584
302.527161
382.607880
293.629303
329.220734
373.710022
391.505737
391.505737
435.995026
480.484314
462.688599
507.177887
516.075745
578.360779
622.850098
649.543640
720.726501
676.237183
747.420044
747.420044
791.909302
818.602905
827.500793
898.683655
871.990051
880.887939
916.479370
925.377197
934.275085
871.990112
809.705078
729.624390
720.726440
551.667175
382.607880
151.263580
44.489288
-169.059296
-258.037872
-240.242157
-142.365723
-62.285004
35.591431
106.774292
177.957153
204.650726
142.365723
115.672150
124.570007
133.467865
177.957153
231.344299
258.037872
293.629303
284.731445
275.833588
240.242157
195.752869
151.263580
186.855011
169.059296
160.161438
160.161438
169.059296
195.752869
177.957153
204.650726
195.752869
169.059296
142.365723
133.467865
124.570007
115.672150
71.182861
44.489288
26.693573
44.489288
71.182861
115.672150
160.161438
195.752869
204.650726
204.650726
204.650726
204.650726
195.752869
204.650726
195.752869
177.957153
177.957153
186.855011
195.752869
177.957153
195.752869
177.957153
186.855011
169.059296
177.957153
160.161438
160.161438
151.263580
169.059296
195.752869
195.752869
195.752869
195.752869
195.752869
195.752869
204.650726
213.548584
213.548584
231.344299
222.446442
249.140015
249.140015
258.037872
275.833588
258.037872
240.242157
204.650726
204.650726
204.650726
222.446442
240.242157
231.344299
240.242157
231.344299
258.037872
266.935730
240.242157
266.935730
240.242157
266.935730
231.344299
266.935730
266.935730
266.935730
275.833588
266.935730
275.833588
275.833588
284.731445
258.037872
258.037872
249.140015
249.140015
249.140015
266.935730
249.140015
240.242157
240.242157
231.344299
231.344299
258.037872
284.731445
311.425018
329.220734
329.220734
320.322876
338.118591
347.016449
355.914307
355.914307
320.322876
320.322876
293.629303
293.629303
293.629303
311.425018
302.527161
302.527161
293.629303
293.629303
302.527161
293.629303
320.322876
302.527161
302.527161
311.425018
293.629303
293.629303
302.527161
311.425018
320.322876
311.425018
311.425018
320.322876
311.425018
320.322876
329.220734
338.118591
347.016449
355.914307
347.016449
329.220734
347.016449
311.425018
320.322876
302.527161
293.629303
311.425018
302.527161
320.322876
320.322876
320.322876
320.322876
338.118591
338.118591
347.016449
329.220734
329.220734
338.118591
320.322876
338.118591
320.322876
338.118591
329.220734
338.118591
329.220734
329.220734
329.220734
338.118591
338.118591
311.425018
338.118591
347.016449
347.016449
347.016449
347.016449
364.812164
364.812164
347.016449
382.607880
391.505737
373.710022
382.607880
382.607880
364.812164
373.710022
400.403595
391.505737
382.607880
391.505737
364.812164
373.710022
382.607880
347.016449
400.403595
355.914307
364.812164
382.607880
364.812164
382.607880
391.505737
391.505737
409.301453
409.301453
400.403595
409.301453
409.301453
418.199310
427.097168
418.199310
400.403595
400.403595
427.097168
418.199310
435.995026
427.097168
427.097168
400.403595
418.199310
391.505737
418.199310
418.199310
409.301453
400.403595
409.301453
409.301453
409.301453
409.301453
409.301453
427.097168
418.199310
427.097168
444.892883
435.995026
435.995026
435.995026
453.790741
435.995026
400.403595
400.403595
409.301453
418.199310
427.097168
427.097168
444.892883
435.995026
427.097168
435.995026
418.199310
418.199310
418.199310
427.097168
427.097168
427.097168
427.097168
427.097168
435.995026
435.995026
435.995026
427.097168
435.995026
435.995026
453.790741
444.892883
471.586456
489.382172
489.382172
498.280029
507.177887
489.382172
498.280029
489.382172
471.586456
480.484314
480.484314
480.484314
471.586456
435.995026
427.097168
444.892883
462.688599
444.892883
453.790741
489.382172
471.586456
462.688599
471.586456
480.484314
489.382172
480.484314
480.484314
498.280029
533.871460
560.565063
587.258667
578.360779
569.462891
596.156494
587.258606
578.360779
560.565063
542.769348
524.973633
498.280029
516.075745
498.280029
489.382172
498.280029
480.484314
480.484314
462.688599
462.688599
453.790741
462.688599
471.586456
453.790741
480.484314
489.382172
489.382172
480.484314
489.382172
489.382172
489.382172
480.484314
462.688599
471.586456
480.484314
498.280029
489.382172
498.280029
498.280029
498.280029
498.280029
498.280029
507.177887
524.973633
542.769348
533.871460
542.769348
542.769348
551.667175
560.565063
533.871460
542.769348
551.667175
524.973633
498.280029
498.280029
507.177887
516.075745
480.484314
462.688599
471.586456
471.586456
507.177887
524.973633
489.382172
498.280029
489.382172
516.075745
542.769348
569.462891
596.156494
605.054321
640.645752
640.645752
631.747925
658.441467
640.645752
631.747925
605.054321
605.054321
569.462891
542.769348
507.177887
498.280029
489.382172
462.688599
480.484314
489.382172
489.382172
489.382172
507.177887
489.382172
507.177887
507.177887
498.280029
507.177887
516.075745
524.973633
516.075745
507.177887
516.075745
524.973633
516.075745
533.871460
542.769348
542.769348
551.667175
560.565063
578.360779
596.156494
587.258606
613.952209
605.054321
631.747925
631.747925
605.054321
596.156494
578.360779
560.565063
516.075745
524.973633
507.177887
516.075745
524.973633
524.973633
533.871460
551.667175
507.177887
516.075745
507.177887
542.769348
569.462891
560.565063
587.258606
605.054321
658.441467
676.237183
685.135071
711.828613
702.930786
720.726501
756.317932
711.828613
738.522217
711.828613
640.645752
551.667175
533.871460
524.973633
507.177887
516.075745
516.075745
498.280029
498.280029
498.280029
489.382172
507.177887
516.075745
507.177887
533.871460
542.769287
542.769348
542.769348
578.360779
587.258606
613.952209
676.237183
658.441467
667.339355
685.135071
702.930786
738.522217
667.339355
685.135071
578.360779
507.177887
462.688599
480.484314
498.280029
498.280029
516.075745
533.871460
516.075745
542.769348
542.769287
498.280029
480.484314
524.973633
560.565063
560.565063
551.667175
578.360779
578.360779
587.258606
613.952209
622.850037
640.645752
658.441528
685.135071
685.135071
667.339355
694.032898
667.339355
640.645752
649.543640
605.054321
542.769287
542.769348
560.565063
551.667236
551.667175
542.769348
542.769348
533.871460
533.871460
524.973633
507.177887
524.973633
542.769348
551.667175
551.667175
578.360779
587.258667
578.360779
605.054321
640.645752
658.441528
702.930786
738.522217
747.420044
747.420044
791.909363
791.909363
827.500793
774.113647
747.420044
667.339355
622.850037
605.054321
551.667175
533.871460
533.871460
560.565063
578.360779
587.258606
613.952209
667.339355
658.441467
711.828613
720.726501
765.215759
729.624329
827.500793
845.296509
854.194336
854.194336
898.683655
907.581482
925.377197
952.070801
925.377197
969.866516
978.764343
978.764343
925.377197
827.500793
711.828613
569.462891
533.871460
507.177887
524.973633
551.667175
542.769287
569.462891
569.462891
631.747925
676.237183
676.237183
720.726440
694.032898
685.135071
685.135071
711.828613
711.828613
738.522217
729.624329
729.624329
738.522217
756.317932
738.522217
720.726501
649.543640
587.258606
516.075806
507.177887
507.177887
498.280029
489.382172
507.177887
507.177887
498.280029
516.075745
507.177887
507.177887
516.075745
542.769348
542.769348
542.769348
560.565063
560.565063
569.462891
551.667175
551.667175
551.667175
507.177887
516.075745
516.075745
516.075806
524.973633
524.973633
516.075745
507.177887
507.177887
516.075745
480.484314
489.382172
480.484314
480.484314
489.382172
507.177887
516.075745
507.177887
516.075745
516.075745
498.280029
516.075745
551.667175
551.667175
578.360779
622.850037
640.645752
622.850037
649.543640
667.339355
640.645752
622.850037
587.258606
560.565063
542.769348
516.075745
489.382172
480.484314
498.280029
516.075745
498.280029
489.382172
480.484314
480.484314
489.382172
524.973633
516.075745
516.075745
524.973633
551.667175
569.462891
569.462891
578.360779
569.462891
578.360779
587.258606
613.952209
613.952209
631.747925
622.850037
613.952209
587.258606
551.667175
507.177887
498.280029
507.177887
507.177887
507.177887
480.484314
489.382172
489.382172
489.382172
489.382172
498.280029
480.484314
480.484314
516.075745
507.177887
516.075745
516.075745
551.667175
551.667175
578.360779
622.850037
613.952209
631.747925
649.543640
694.032898
729.624329
738.522217
774.113647
774.113647
765.215759
711.828613
649.543640
524.973633
480.484314
516.075745
507.177887
471.586456
480.484314
498.280029
507.177887
507.177887
507.177887
516.075745
516.075745
516.075745
516.075745
533.871460
551.667175
551.667175
587.258606
587.258606
596.156494
569.462891
578.360779
587.258606
587.258606
605.054321
605.054321
578.360779
613.952209
569.462891
551.667175
498.280029
507.177887
524.973633
480.484314
480.484314
498.280029
480.484314
471.586456
453.790741
453.790741
453.790741
462.688599
462.688599
453.790741
462.688599
480.484314
471.586456
498.280029
471.586456
516.075745
533.871460
551.667175
587.258667
649.543579
613.952148
649.543640
640.645752
694.032898
711.828613
729.624329
729.624329
738.522217
685.135010
613.952209
551.667175
516.075745
391.505737
373.710022
373.710022
355.914307
400.403595
373.710022
329.220734
382.607880
338.118591
355.914307
391.505737
338.118591
382.607880
382.607880
373.710022
435.995026
435.995026
409.301453
471.586456
471.586456
507.177887
533.871460
551.667175
587.258667
613.952148
640.645752
622.850037
685.135010
702.930786
738.522217
720.726440
676.237183
578.360779
480.484314
462.688599
284.731445
249.140015
177.957153
186.855011
213.548584
213.548584
186.855011
195.752869
195.752869
195.752869
204.650726
204.650726
204.650726
213.548584
222.446442
213.548584
222.446442
222.446442
231.344299
231.344299
231.344299
240.242157
222.446442
222.446442
222.446442
222.446442
213.548584
213.548584
222.446442
222.446442
213.548584
231.344299
222.446442
231.344299
231.344299
231.344299
240.242157
231.344299
231.344299
240.242157
240.242157
258.037872
231.344299
258.037872
249.140015
258.037872
258.037872
266.935730
266.935730
249.140015
275.833588
258.037872
284.731445
249.140015
266.935730
266.935730
275.833588
266.935730
266.935730
266.935730
284.731445
275.833588
293.629303
284.731445
293.629303
284.731445
302.527161
302.527161
311.425018
302.527161
293.629303
275.833588
284.731445
293.629303
293.629303
284.731445
293.629303
302.527161
302.527161
302.527161
311.425018
311.425018
320.322876
302.527161
320.322876
293.629303
329.220734
293.629303
311.425018
293.629303
302.527161
302.527161
302.527161
320.322876
293.629303
338.118591
311.425018
320.322876
311.425018
311.425018
320.322876
302.527161
329.220734
311.425018
329.220734
329.220734
338.118591
347.016449
347.016449
347.016449
347.016449
355.914307
355.914307
364.812164
418.199310
427.097168
471.586456
507.177887
533.871460
551.667236
587.258606
596.156494
605.054321
605.054321
596.156494
551.667175
462.688599
444.892883
302.527161
266.935730
240.242157
284.731445
275.833588
258.037872
266.935730
284.731445
275.833588
266.935730
275.833588
293.629303
293.629303
293.629303
293.629303
311.425018
311.425018
302.527161
240.242157
249.140015
266.935730
284.731445
293.629303
266.935730
266.935730
240.242157
258.037872
249.140015
258.037872
258.037872
275.833588
275.833588
338.118591
329.220734
409.301453
427.097168
453.790741
480.484314
533.871460
569.462891
622.850037
667.339355
685.135071
694.032898
738.522217
747.420044
747.420044
702.930786
658.441467
578.360779
471.586456
347.016449
240.242157
204.650726
266.935730
293.629303
293.629303
258.037872
266.935730
275.833588
266.935730
258.037872
275.833588
266.935730
258.037872
266.935730
266.935730
275.833588
266.935730
284.731445
284.731445
284.731445
284.731445
311.425018
302.527161
302.527161
311.425018
311.425018
302.527161
311.425018
293.629303
311.425018
311.425018
320.322876
284.731445
302.527161
311.425018
338.118591
382.607880
400.403595
444.892883
462.688599
471.586456
507.177887
480.484314
453.790741
382.607880
320.322876
311.425018
284.731445
293.629303
293.629303
284.731445
293.629303
284.731445
284.731445
293.629303
302.527161
302.527161
302.527161
302.527161
329.220734
320.322876
355.914307
418.199310
391.505737
418.199310
471.586456
471.586456
489.382172
498.280029
462.688599
462.688599
453.790741
391.505737
355.914307
373.710022
373.710022
355.914307
364.812164
373.710022
364.812164
382.607880
373.710022
373.710022
373.710022
373.710022
382.607880
382.607880
373.710022
382.607880
373.710022
382.607880
364.812164
373.710022
373.710022
373.710022
364.812164
382.607880
382.607880
373.710022
391.505737
382.607880
364.812164
391.505737
409.301453
382.607880
418.199310
444.892883
409.301453
409.301453
418.199310
400.403595
391.505737
391.505737
391.505737
400.403595
400.403595
400.403595
400.403595
400.403595
400.403595
391.505737
382.607880
382.607880
382.607880
373.710022
400.403595
409.301453
391.505737
418.199310
418.199310
427.097168
435.995026
453.790741
418.199310
418.199310
409.301453
409.301453
409.301453
418.199310
409.301453
418.199310
400.403595
409.301453
400.403595
391.505737
400.403595
409.301453
409.301453
409.301453
418.199310
427.097168
444.892883
444.892883
444.892883
480.484314
498.280029
498.280029
471.586456
462.688599
462.688599
489.382172
498.280029
471.586456
444.892883
427.097168
444.892883
444.892883
427.097168
427.097168
453.790741
444.892883
444.892883
462.688599
471.586456
462.688599
444.892883
462.688599
471.586456
480.484314
516.075745
507.177887
516.075745
516.075745
507.177887
524.973633
516.075745
498.280029
516.075745
516.075745
471.586456
480.484314
462.688599
462.688599
462.688599
462.688599
471.586456
471.586456
462.688599
489.382172
471.586456
444.892883
471.586456
462.688599
471.586456
480.484314
498.280029
498.280029
507.177887
489.382172
480.484314
498.280029
462.688599
462.688599
462.688599
453.790741
462.688599
462.688599
462.688599
462.688599
444.892883
471.586456
489.382172
489.382172
507.177887
480.484314
524.973633
533.871460
560.565063
613.952209
605.054321
605.054321
605.054321
613.952209
587.258606
569.462891
524.973633
489.382172
480.484314
489.382172
489.382172
507.177887
489.382172
498.280029
498.280029
498.280029
507.177887
507.177887
516.075745
524.973633
542.769348
578.360779
569.462891
587.258606
613.952209
596.156494
640.645752
631.747925
658.441467
667.339355
676.237183
676.237183
631.747925
605.054321
560.565063
489.382172
516.075745
480.484314
498.280029
489.382172
480.484314
480.484314
471.586456
480.484314
471.586456
498.280029
498.280029
507.177887
524.973633
516.075745
516.075745
533.871460
542.769348
542.769348
542.769348
551.667175
569.462891
587.258606
569.462891
587.258606
560.565063
605.054321
587.258606
613.952209
578.360779
569.462891
551.667175
533.871460
542.769348
533.871460
542.769348
524.973633
516.075745
516.075745
507.177887
516.075745
498.280029
516.075745
524.973633
516.075745
516.075745
542.769348
560.565063
560.565063
596.156494
605.054321
613.952209
640.645752
631.747925
658.441467
649.543640
631.747925
631.747925
613.952209
622.850037
613.952209
578.360779
533.871460
516.075745
489.382172
489.382172
498.280029
507.177887
516.075745
516.075745
498.280029
507.177887
516.075745
507.177887
516.075745
516.075745
551.667175
560.565063
542.769348
560.565063
542.769348
551.667175
560.565063
569.462891
587.258606
587.258606
587.258606
587.258606
596.156494
596.156494
613.952209
613.952209
622.850037
613.952209
596.156494
524.973633
498.280029
516.075745
533.871460
533.871460
516.075745
507.177887
524.973633
498.280029
533.871460
507.177887
524.973633
542.769348
569.462891
613.952209
605.054321
622.850037
631.747925
658.441467
667.339355
685.135071
676.237183
685.135071
658.441467
649.543640
649.543640
649.543640
622.850037
578.360779
524.973633
507.177887
524.973633
524.973633
507.177887
524.973633
507.177887
516.075745
524.973633
516.075745
524.973633
524.973633
533.871460
542.769348
551.667175
569.462891
587.258606
596.156494
596.156494
631.747925
640.645752
631.747925
658.441467
676.237183
694.032898
676.237183
676.237183
685.135071
694.032898
667.339355
640.645752
578.360779
524.973633
533.871460
551.667175
551.667175
560.565063
551.667175
560.565063
516.075745
542.769348
524.973633
560.565063
587.258606
613.952209
631.747925
649.543640
667.339355
685.135071
720.726501
747.420044
756.317932
774.113647
783.011475
791.909363
800.807190
783.011475
676.237183
578.360779
613.952209
533.871460
507.177887
516.075745
533.871460
524.973633
524.973633
507.177887
516.075745
507.177887
524.973633
524.973633
524.973633
560.565063
587.258606
605.054321
640.645752
676.237183
676.237183
702.930786
720.726501
774.113647
774.113647
774.113647
818.602905
765.215759
702.930786
613.952209
507.177887
498.280029
542.769348
533.871460
533.871460
533.871460
516.075745
542.769348
542.769348
542.769348
542.769348
533.871460
560.565063
569.462891
0.000000
0.000000
0.000000
0.000000
0.000000
0.000000
0.000000
0.000000
0.000000
0.000000
0.000000
0.000000
0.000000
0.000000
0.000000
0.000000
0.000000
0.000000
0.000000
0.000000
0.000000
0.000000
0.000000
0.000000
0.000000
0.000000
0.000000
0.000000
0.000000
0.000000
0.000000
0.000000
0.000000
0.000000
0.000000
0.000000
0.000000
0.000000
0.000000
0.000000
0.000000
0.000000
0.000000
0.000000
0.000000
0.000000
0.000000
0.000000
0.000000
0.000000
0.000000
0.000000
0.000000
0.000000
0.000000
0.000000
0.000000
0.000000
0.000000
0.000000
0.000000
0.000000
0.000000
0.000000
0.000000
0.000000
0.000000
0.000000
0.000000
0.000000
0.000000
0.000000
0.000000
0.000000
0.000000
0.000000
0.000000
0.000000
0.000000
0.000000
0.000000
0.000000
0.000000
0.000000
0.000000
0.000000
0.000000
0.000000
0.000000
0.000000
0.000000
0.000000
0.000000
0.000000
0.000000
0.000000
0.000000
0.000000
0.000000
0.000000
0.000000
0.000000
0.000000
0.000000
0.000000
0.000000
